           1           2   1.5617485060489320     
           1           3  0.17405748341273269     
           2           3   2.1123268552132042     
           1           4  0.12272350645796362     
           3           4   1.5352877601011465     
           2           5  0.22752965013176044     
           3           5  0.11096675916459568     
           4           5   2.2133697213096362     
           6           7  0.93319634768079207     
           8           9  0.93277371144201737     
          10          11  0.93268498508009967     
